0.010000	79.182766
0.020000	78.813115
0.030000	78.412681
0.040000	77.990092
0.050000	77.549841
0.060000	77.094822
0.070000	76.627142
0.080000	76.148458
0.090000	75.660147
0.100000	75.163404
0.110000	74.659290
0.120000	74.148775
0.130000	73.632755
0.140000	73.112071
0.150000	72.587515
0.160000	72.059845
0.170000	71.529781
0.180000	70.998015
0.190000	70.465211
0.200000	69.932009
0.210000	69.399020
0.220000	68.866834
0.230000	68.336018
0.240000	67.807114
0.250000	67.280640
0.260000	66.757093
0.270000	66.236945
0.280000	65.720646
0.290000	65.208621
0.300000	64.701272
0.310000	64.198978
0.320000	63.702096
0.330000	63.210955
0.340000	62.725866
0.350000	62.247113
0.360000	61.774961
0.370000	61.309648
0.380000	60.851394
0.390000	60.400396
0.400000	59.956827
0.410000	59.520844
0.420000	59.092580
0.430000	58.672151
0.440000	58.259653
0.450000	57.855164
0.460000	57.458743
0.470000	57.070436
0.480000	56.690268
0.490000	56.318254
0.500000	55.954390
0.510000	55.598660
0.520000	55.251036
0.530000	54.911477
0.540000	54.579930
0.550000	54.256333
0.560000	53.940612
0.570000	53.632685
0.580000	53.332462
0.590000	53.039844
0.600000	52.754727
0.610000	52.476999
0.620000	52.206542
0.630000	51.943235
0.640000	51.686950
0.650000	51.437556
0.660000	51.194919
0.670000	50.958902
0.680000	50.729366
0.690000	50.506169
0.700000	50.289167
0.710000	50.078218
0.720000	49.873176
0.730000	49.673896
0.740000	49.480232
0.750000	49.292040
0.760000	49.109177
0.770000	48.931497
0.780000	48.758859
0.790000	48.591121
0.800000	48.428145
0.810000	48.269792
0.820000	48.115926
0.830000	47.966413
0.840000	47.821121
0.850000	47.679921
0.860000	47.542684
0.870000	47.409287
0.880000	47.279607
0.890000	47.153524
0.900000	47.030920
0.910000	46.911681
0.920000	46.795696
0.930000	46.682855
0.940000	46.573051
0.950000	46.466182
0.960000	46.362145
0.970000	46.260843
0.980000	46.162179
0.990000	46.066062
1.000000	45.972401
1.250000	44.214941
1.500000	43.068961
1.750000	42.152729
2.000000	41.332893
2.250000	40.567900
2.500000	39.846801
2.750000	39.167517
3.000000	38.529698
3.250000	37.932695
3.500000	37.375201
3.750000	36.855379
4.000000	36.371066
4.250000	35.919957
4.500000	35.499733
4.750000	35.108141
5.000000	34.743044
5.250000	34.402446
5.500000	34.084502
5.750000	33.787517
6.000000	33.509942
6.250000	33.250363
6.500000	33.007494
6.750000	32.780164
7.000000	32.567310
7.250000	32.367961
7.500000	32.181236
7.750000	32.006329
8.000000	31.842505
8.250000	31.689094
8.500000	31.545480
8.750000	31.411099
9.000000	31.285435
9.250000	31.168011
9.500000	31.058389
9.750000	30.956165
10.000000	30.860965
10.250000	30.772443
10.500000	30.690280
10.750000	30.614178
11.000000	30.543859
11.250000	30.479068
11.500000	30.419564
11.750000	30.365122
12.000000	30.315534
12.250000	30.270603
12.500000	30.230145
12.750000	30.193987
13.000000	30.161968
13.250000	30.133933
13.500000	30.109740
13.750000	30.089251
14.000000	30.072339
14.250000	30.058882
14.500000	30.048764
14.750000	30.041877
15.000000	30.038117
15.250000	30.037384
15.500000	30.039586
15.750000	30.044632
16.000000	30.052438
16.250000	30.062922
16.500000	30.076006
16.750000	30.091616
17.000000	30.109680
17.250000	30.130130
17.500000	30.152900
17.750000	30.177928
18.000000	30.205153
18.250000	30.234516
18.500000	30.265961
18.750000	30.299434
19.000000	30.334884
19.250000	30.372258
19.500000	30.411509
19.750000	30.452589
20.000000	30.495453
20.250000	30.540057
20.500000	30.586357
20.750000	30.634311
21.000000	30.683881
21.250000	30.735025
21.500000	30.787706
21.750000	30.841887
22.000000	30.897532
22.250000	30.954605
22.500000	31.013072
22.750000	31.072899
23.000000	31.134055
23.250000	31.196506
23.500000	31.260221
23.750000	31.325171
24.000000	31.391326
24.250000	31.458655
24.500000	31.527132
24.750000	31.596727
25.000000	31.667413
25.250000	31.739164
25.500000	31.811953
25.750000	31.885754
26.000000	31.960543
26.250000	32.036293
26.500000	32.112982
26.750000	32.190584
27.000000	32.269077
27.250000	32.348437
27.500000	32.428641
27.750000	32.509668
28.000000	32.591495
28.250000	32.674100
28.500000	32.757462
28.750000	32.841561
29.000000	32.926376
29.250000	33.011886
29.500000	33.098071
29.750000	33.184913
30.000000	33.272390
30.250000	33.360485
30.500000	33.449179
30.750000	33.538453
31.000000	33.628288
31.250000	33.718667
31.500000	33.809573
31.750000	33.900987
32.000000	33.992892
32.250000	34.085271
32.500000	34.178109
32.750000	34.271387
33.000000	34.365090
33.250000	34.459202
33.500000	34.553707
33.750000	34.648589
34.000000	34.743833
34.250000	34.839423
34.500000	34.935346
34.750000	35.031585
35.000000	35.128127
35.250000	35.224957
35.500000	35.322061
35.750000	35.419424
36.000000	35.517034
36.250000	35.614876
36.500000	35.712938
36.750000	35.811205
37.000000	35.909665
37.250000	36.008306
37.500000	36.107113
37.750000	36.206076
38.000000	36.305181
38.250000	36.404416
38.500000	36.503770
38.750000	36.603231
39.000000	36.702786
39.250000	36.802426
39.500000	36.902137
39.750000	37.001910
40.000000	37.101733
40.250000	37.201595
40.500000	37.301486
40.750000	37.401396
41.000000	37.501313
41.250000	37.601229
41.500000	37.701132
41.750000	37.801013
42.000000	37.900862
42.250000	38.000670
42.500000	38.100428
42.750000	38.200126
43.000000	38.299754
43.250000	38.399305
43.500000	38.498769
43.750000	38.598137
44.000000	38.697402
44.250000	38.796554
44.500000	38.895586
44.750000	38.994489
45.000000	39.093255
45.250000	39.191877
45.500000	39.290347
45.750000	39.388657
46.000000	39.486800
46.250000	39.584769
46.500000	39.682556
46.750000	39.780155
47.000000	39.877558
47.250000	39.974759
47.500000	40.071752
47.750000	40.168529
48.000000	40.265084
48.250000	40.361411
48.500000	40.457505
48.750000	40.553358
49.000000	40.648965
49.250000	40.744320
49.500000	40.839418
49.750000	40.934253
50.000000	41.028820
50.250000	41.123113
50.500000	41.217127
50.750000	41.310857
51.000000	41.404298
51.250000	41.497445
51.500000	41.590294
51.750000	41.682840
52.000000	41.775077
52.250000	41.867003
52.500000	41.958613
52.750000	42.049901
53.000000	42.140865
53.250000	42.231500
53.500000	42.321803
53.750000	42.411769
54.000000	42.501395
54.250000	42.590677
54.500000	42.679611
54.750000	42.768195
55.000000	42.856425
55.250000	42.944297
55.500000	43.031809
55.750000	43.118958
56.000000	43.205740
56.250000	43.292153
56.500000	43.378194
56.750000	43.463859
57.000000	43.549148
57.250000	43.634057
57.500000	43.718583
57.750000	43.802724
58.000000	43.886479
58.250000	43.969844
58.500000	44.052818
58.750000	44.135399
59.000000	44.217584
59.250000	44.299373
59.500000	44.380762
59.750000	44.461751
60.000000	44.542337
60.250000	44.622519
60.500000	44.702296
60.750000	44.781666
61.000000	44.860627
61.250000	44.939179
61.500000	45.017321
61.750000	45.095050
62.000000	45.172366
62.250000	45.249268
62.500000	45.325755
62.750000	45.401826
63.000000	45.477479
63.250000	45.552716
63.500000	45.627534
63.750000	45.701932
64.000000	45.775911
64.250000	45.849470
64.500000	45.922608
64.750000	45.995325
65.000000	46.067620
65.250000	46.139494
65.500000	46.210945
65.750000	46.281973
66.000000	46.352579
66.250000	46.422762
66.500000	46.492523
66.750000	46.561860
67.000000	46.630775
67.250000	46.699266
67.500000	46.767335
67.750000	46.834982
68.000000	46.902206
68.250000	46.969008
68.500000	47.035388
68.750000	47.101346
69.000000	47.166884
69.250000	47.232000
69.500000	47.296696
69.750000	47.360973
70.000000	47.424830
70.250000	47.488268
70.500000	47.551288
70.750000	47.613890
71.000000	47.676075
71.250000	47.737845
71.500000	47.799198
71.750000	47.860137
72.000000	47.920663
72.250000	47.980774
72.500000	48.040474
72.750000	48.099763
73.000000	48.158640
73.250000	48.217109
73.500000	48.275169
73.750000	48.332821
74.000000	48.390067
74.250000	48.446907
74.500000	48.503343
74.750000	48.559376
75.000000	48.615007
75.250000	48.670236
75.500000	48.725066
75.750000	48.779497
76.000000	48.833531
76.250000	48.887169
76.500000	48.940412
76.750000	48.993261
77.000000	49.045718
77.250000	49.097784
77.500000	49.149460
77.750000	49.200748
78.000000	49.251649
78.250000	49.302165
78.500000	49.352296
78.750000	49.402045
79.000000	49.451413
79.250000	49.500401
79.500000	49.549010
79.750000	49.597243
80.000000	49.645101
80.250000	49.692585
80.500000	49.739696
80.750000	49.786437
81.000000	49.832809
81.250000	49.878813
81.500000	49.924451
81.750000	49.969724
82.000000	50.014635
82.250000	50.059185
82.500000	50.103375
82.750000	50.147207
83.000000	50.190683
83.250000	50.233803
83.500000	50.276571
83.750000	50.318988
84.000000	50.361055
84.250000	50.402774
84.500000	50.444146
84.750000	50.485174
85.000000	50.525859
85.250000	50.566202
85.500000	50.606206
85.750000	50.645873
86.000000	50.685203
86.250000	50.724198
86.500000	50.762861
86.750000	50.801193
87.000000	50.839196
87.250000	50.876871
87.500000	50.914220
87.750000	50.951246
88.000000	50.987949
88.250000	51.024332
88.500000	51.060396
88.750000	51.096142
89.000000	51.131574
89.250000	51.166692
89.500000	51.201498
89.750000	51.235994
90.000000	51.270182
90.250000	51.304064
90.500000	51.337641
90.750000	51.370914
91.000000	51.403887
91.250000	51.436560
91.500000	51.468935
91.750000	51.501014
92.000000	51.532799
92.250000	51.564292
92.500000	51.595494
92.750000	51.626407
93.000000	51.657032
93.250000	51.687372
93.500000	51.717429
93.750000	51.747203
94.000000	51.776697
94.250000	51.805913
94.500000	51.834852
94.750000	51.863515
95.000000	51.891906
95.250000	51.920024
95.500000	51.947873
95.750000	51.975453
96.000000	52.002768
96.250000	52.029817
96.500000	52.056603
96.750000	52.083128
97.000000	52.109393
97.250000	52.135400
97.500000	52.161151
97.750000	52.186647
98.000000	52.211890
98.250000	52.236882
98.500000	52.261624
98.750000	52.286118
99.000000	52.310366
99.250000	52.334370
99.500000	52.358130
99.750000	52.381649
100.000000	52.404928
100.250000	52.427970
100.500000	52.450774
100.000000	52.404928
101.000000	52.495681
102.000000	52.582727
103.000000	52.666168
104.000000	52.746106
105.000000	52.822638
106.000000	52.895861
107.000000	52.965871
108.000000	53.032761
109.000000	53.096623
110.000000	53.157547
111.000000	53.215619
112.000000	53.270928
113.000000	53.323556
114.000000	53.373585
115.000000	53.421098
116.000000	53.466171
117.000000	53.508882
118.000000	53.549306
119.000000	53.587516
120.000000	53.623582
121.000000	53.657574
122.000000	53.689560
123.000000	53.719606
124.000000	53.747776
125.000000	53.774132
126.000000	53.798735
127.000000	53.821643
128.000000	53.842916
129.000000	53.862607
130.000000	53.880772
131.000000	53.897463
132.000000	53.912732
133.000000	53.926628
134.000000	53.939199
135.000000	53.950493
136.000000	53.960554
137.000000	53.969428
138.000000	53.977156
139.000000	53.983781
140.000000	53.989342
141.000000	53.993879
142.000000	53.997430
143.000000	54.000031
144.000000	54.001718
145.000000	54.002525
146.000000	54.002486
147.000000	54.001633
148.000000	53.999997
149.000000	53.997609
150.000000	53.994498
151.000000	53.990692
152.000000	53.986220
153.000000	53.981107
154.000000	53.975380
155.000000	53.969063
156.000000	53.962180
157.000000	53.954755
158.000000	53.946811
159.000000	53.938369
160.000000	53.929450
161.000000	53.920075
162.000000	53.910264
163.000000	53.900035
164.000000	53.889407
165.000000	53.878398
166.000000	53.867025
167.000000	53.855305
168.000000	53.843254
169.000000	53.830887
170.000000	53.818219
171.000000	53.805265
172.000000	53.792040
173.000000	53.778555
174.000000	53.764825
175.000000	53.750862
176.000000	53.736679
177.000000	53.722286
178.000000	53.707696
179.000000	53.692919
180.000000	53.677965
181.000000	53.662846
182.000000	53.647571
183.000000	53.632149
184.000000	53.616589
185.000000	53.600900
186.000000	53.585092
187.000000	53.569171
188.000000	53.553146
189.000000	53.537025
190.000000	53.520814
191.000000	53.504521
192.000000	53.488153
193.000000	53.471717
194.000000	53.455217
195.000000	53.438662
196.000000	53.422056
197.000000	53.405405
198.000000	53.388715
199.000000	53.371990
200.000000	53.355237
201.000000	53.338459
202.000000	53.321661
203.000000	53.304848
204.000000	53.288024
205.000000	53.271194
206.000000	53.254360
207.000000	53.237528
208.000000	53.220700
209.000000	53.203881
210.000000	53.187073
211.000000	53.170279
212.000000	53.153504
213.000000	53.136750
214.000000	53.120019
215.000000	53.103315
216.000000	53.086640
217.000000	53.069996
218.000000	53.053387
219.000000	53.036814
220.000000	53.020280
221.000000	53.003786
222.000000	52.987335
223.000000	52.970928
224.000000	52.954568
225.000000	52.938256
226.000000	52.921994
227.000000	52.905783
228.000000	52.889625
229.000000	52.873522
230.000000	52.857474
231.000000	52.841484
232.000000	52.825552
233.000000	52.809679
234.000000	52.793867
235.000000	52.778117
236.000000	52.762430
237.000000	52.746806
238.000000	52.731246
239.000000	52.715752
240.000000	52.700325
241.000000	52.684964
242.000000	52.669670
243.000000	52.654445
244.000000	52.639289
245.000000	52.624203
246.000000	52.609186
247.000000	52.594240
248.000000	52.579365
249.000000	52.564561
250.000000	52.549829
251.000000	52.535169
252.000000	52.520581
253.000000	52.506067
254.000000	52.491625
255.000000	52.477256
256.000000	52.462961
257.000000	52.448740
258.000000	52.434592
259.000000	52.420519
260.000000	52.406519
261.000000	52.392594
262.000000	52.378742
263.000000	52.364965
264.000000	52.351262
265.000000	52.337634
266.000000	52.324080
267.000000	52.310599
268.000000	52.297194
269.000000	52.283862
270.000000	52.270604
271.000000	52.257421
272.000000	52.244311
273.000000	52.231275
274.000000	52.218312
275.000000	52.205423
276.000000	52.192607
277.000000	52.179864
278.000000	52.167195
279.000000	52.154598
280.000000	52.142073
281.000000	52.129621
282.000000	52.117241
283.000000	52.104933
284.000000	52.092697
285.000000	52.080532
286.000000	52.068438
287.000000	52.056415
288.000000	52.044462
289.000000	52.032580
290.000000	52.020768
291.000000	52.009026
292.000000	51.997353
293.000000	51.985750
294.000000	51.974215
295.000000	51.962749
296.000000	51.951351
297.000000	51.940022
298.000000	51.928759
299.000000	51.917565
300.000000	51.906437
301.000000	51.895376
302.000000	51.884381
303.000000	51.873452
304.000000	51.862589
305.000000	51.851791
306.000000	51.841058
307.000000	51.830389
308.000000	51.819785
309.000000	51.809245
310.000000	51.798768
311.000000	51.788355
312.000000	51.778005
313.000000	51.767717
314.000000	51.757491
315.000000	51.747327
316.000000	51.737224
317.000000	51.727183
318.000000	51.717202
319.000000	51.707281
320.000000	51.697421
321.000000	51.687620
322.000000	51.677879
323.000000	51.668196
324.000000	51.658572
325.000000	51.649006
326.000000	51.639498
327.000000	51.630048
328.000000	51.620655
329.000000	51.611318
330.000000	51.602038
331.000000	51.592814
332.000000	51.583646
333.000000	51.574533
334.000000	51.565475
335.000000	51.556471
336.000000	51.547522
337.000000	51.538627
338.000000	51.529785
339.000000	51.520997
340.000000	51.512262
341.000000	51.503579
342.000000	51.494948
343.000000	51.486369
344.000000	51.477842
345.000000	51.469366
346.000000	51.460940
347.000000	51.452565
348.000000	51.444241
349.000000	51.435966
350.000000	51.427740
351.000000	51.419564
352.000000	51.411436
353.000000	51.403357
354.000000	51.395326
355.000000	51.387343
356.000000	51.379408
357.000000	51.371520
358.000000	51.363678
359.000000	51.355883
360.000000	51.348134
361.000000	51.340432
362.000000	51.332774
363.000000	51.325162
364.000000	51.317595
365.000000	51.310073
366.000000	51.302595
367.000000	51.295161
368.000000	51.287771
369.000000	51.280424
370.000000	51.273120
371.000000	51.265860
372.000000	51.258641
373.000000	51.251465
374.000000	51.244331
375.000000	51.237239
376.000000	51.230188
377.000000	51.223178
378.000000	51.216208
379.000000	51.209280
380.000000	51.202391
381.000000	51.195543
382.000000	51.188734
383.000000	51.181964
384.000000	51.175234
385.000000	51.168542
386.000000	51.161890
387.000000	51.155275
388.000000	51.148698
389.000000	51.142160
390.000000	51.135658
391.000000	51.129194
392.000000	51.122767
393.000000	51.116377
394.000000	51.110023
395.000000	51.103705
396.000000	51.097424
397.000000	51.091178
398.000000	51.084967
399.000000	51.078792
400.000000	51.072651
401.000000	51.066546
402.000000	51.060475
403.000000	51.054438
404.000000	51.048435
405.000000	51.042466
406.000000	51.036530
407.000000	51.030628
408.000000	51.024759
409.000000	51.018922
410.000000	51.013118
411.000000	51.007347
412.000000	51.001608
413.000000	50.995900
414.000000	50.990225
415.000000	50.984581
416.000000	50.978968
417.000000	50.973386
418.000000	50.967835
419.000000	50.962315
420.000000	50.956825
421.000000	50.951365
422.000000	50.945935
423.000000	50.940535
424.000000	50.935165
425.000000	50.929824
426.000000	50.924512
427.000000	50.919229
428.000000	50.913975
429.000000	50.908749
430.000000	50.903552
431.000000	50.898383
432.000000	50.893242
433.000000	50.888129
434.000000	50.883043
435.000000	50.877985
436.000000	50.872954
437.000000	50.867950
438.000000	50.862973
439.000000	50.858022
440.000000	50.853098
441.000000	50.848201
442.000000	50.843329
443.000000	50.838483
444.000000	50.833664
445.000000	50.828869
446.000000	50.824101
447.000000	50.819357
448.000000	50.814638
449.000000	50.809945
450.000000	50.805276
451.000000	50.800632
452.000000	50.796012
453.000000	50.791416
454.000000	50.786845
455.000000	50.782297
456.000000	50.777773
457.000000	50.773273
458.000000	50.768796
459.000000	50.764342
460.000000	50.759912
461.000000	50.755504
462.000000	50.751119
463.000000	50.746757
464.000000	50.742418
465.000000	50.738100
466.000000	50.733805
467.000000	50.729532
468.000000	50.725281
469.000000	50.721052
470.000000	50.716844
471.000000	50.712658
472.000000	50.708493
473.000000	50.704350
474.000000	50.700227
475.000000	50.696125
476.000000	50.692044
477.000000	50.687984
478.000000	50.683944
479.000000	50.679925
480.000000	50.675926
481.000000	50.671946
482.000000	50.667987
483.000000	50.664048
484.000000	50.660128
485.000000	50.656228
486.000000	50.652348
487.000000	50.648486
488.000000	50.644644
489.000000	50.640821
490.000000	50.637017
491.000000	50.633232
492.000000	50.629465
493.000000	50.625717
494.000000	50.621988
495.000000	50.618277
496.000000	50.614584
497.000000	50.610909
498.000000	50.607252
499.000000	50.603613
500.000000	50.599992
501.000000	50.596388
502.000000	50.592802
503.000000	50.589234
504.000000	50.585682
505.000000	50.582148
506.000000	50.578631
507.000000	50.575131
508.000000	50.571648
509.000000	50.568181
510.000000	50.564731
511.000000	50.561298
512.000000	50.557881
513.000000	50.554481
514.000000	50.551096
515.000000	50.547728
516.000000	50.544376
517.000000	50.541040
518.000000	50.537720
519.000000	50.534415
520.000000	50.531126
521.000000	50.527853
522.000000	50.524595
523.000000	50.521352
524.000000	50.518125
525.000000	50.514912
526.000000	50.511715
527.000000	50.508533
528.000000	50.505365
529.000000	50.502213
530.000000	50.499075
531.000000	50.495951
532.000000	50.492842
533.000000	50.489748
534.000000	50.486668
535.000000	50.483602
536.000000	50.480550
537.000000	50.477513
538.000000	50.474489
539.000000	50.471479
540.000000	50.468483
541.000000	50.465501
542.000000	50.462532
543.000000	50.459577
544.000000	50.456635
545.000000	50.453707
546.000000	50.450792
547.000000	50.447890
548.000000	50.445001
549.000000	50.442126
550.000000	50.439263
551.000000	50.436414
552.000000	50.433577
553.000000	50.430753
554.000000	50.427941
555.000000	50.425143
556.000000	50.422356
557.000000	50.419582
558.000000	50.416821
559.000000	50.414072
560.000000	50.411335
561.000000	50.408610
562.000000	50.405897
563.000000	50.403197
564.000000	50.400508
565.000000	50.397831
566.000000	50.395166
567.000000	50.392512
568.000000	50.389871
569.000000	50.387241
570.000000	50.384622
571.000000	50.382015
572.000000	50.379419
573.000000	50.376835
574.000000	50.374261
575.000000	50.371699
576.000000	50.369148
577.000000	50.366608
578.000000	50.364080
579.000000	50.361562
580.000000	50.359055
581.000000	50.356558
582.000000	50.354073
583.000000	50.351598
584.000000	50.349134
585.000000	50.346680
586.000000	50.344237
587.000000	50.341804
588.000000	50.339381
589.000000	50.336969
590.000000	50.334567
591.000000	50.332176
592.000000	50.329794
593.000000	50.327423
594.000000	50.325061
595.000000	50.322710
596.000000	50.320368
597.000000	50.318036
598.000000	50.315714
599.000000	50.313402
600.000000	50.311099
601.000000	50.308806
602.000000	50.306523
603.000000	50.304249
604.000000	50.301985
605.000000	50.299730
606.000000	50.297484
607.000000	50.295248
608.000000	50.293021
609.000000	50.290803
610.000000	50.288594
611.000000	50.286395
612.000000	50.284204
613.000000	50.282022
614.000000	50.279850
615.000000	50.277686
616.000000	50.275531
617.000000	50.273385
618.000000	50.271248
619.000000	50.269119
620.000000	50.266999
621.000000	50.264888
622.000000	50.262785
623.000000	50.260690
624.000000	50.258604
625.000000	50.256527
626.000000	50.254458
627.000000	50.252397
628.000000	50.250345
629.000000	50.248300
630.000000	50.246264
631.000000	50.244236
632.000000	50.242216
633.000000	50.240205
634.000000	50.238201
635.000000	50.236205
636.000000	50.234217
637.000000	50.232237
638.000000	50.230265
639.000000	50.228300
640.000000	50.226344
641.000000	50.224395
642.000000	50.222454
643.000000	50.220520
644.000000	50.218594
645.000000	50.216676
646.000000	50.214765
647.000000	50.212861
648.000000	50.210965
649.000000	50.209076
650.000000	50.207195
651.000000	50.205321
652.000000	50.203454
653.000000	50.201595
654.000000	50.199742
655.000000	50.197897
656.000000	50.196059
657.000000	50.194228
658.000000	50.192404
659.000000	50.190587
660.000000	50.188777
661.000000	50.186974
662.000000	50.185178
663.000000	50.183389
664.000000	50.181606
665.000000	50.179830
666.000000	50.178061
667.000000	50.176299
668.000000	50.174544
669.000000	50.172795
670.000000	50.171053
671.000000	50.169317
672.000000	50.167588
673.000000	50.165865
674.000000	50.164149
675.000000	50.162439
676.000000	50.160736
677.000000	50.159039
678.000000	50.157348
679.000000	50.155664
680.000000	50.153986
681.000000	50.152314
682.000000	50.150649
683.000000	50.148989
684.000000	50.147336
685.000000	50.145689
686.000000	50.144048
687.000000	50.142413
688.000000	50.140784
689.000000	50.139161
690.000000	50.137545
691.000000	50.135934
692.000000	50.134328
693.000000	50.132729
694.000000	50.131136
695.000000	50.129548
696.000000	50.127967
697.000000	50.126391
698.000000	50.124820
699.000000	50.123256
700.000000	50.121697
701.000000	50.120144
702.000000	50.118596
703.000000	50.117054
704.000000	50.115517
705.000000	50.113987
706.000000	50.112461
707.000000	50.110941
708.000000	50.109427
709.000000	50.107918
710.000000	50.106414
711.000000	50.104916
712.000000	50.103423
713.000000	50.101935
714.000000	50.100453
715.000000	50.098975
716.000000	50.097504
717.000000	50.096037
718.000000	50.094576
719.000000	50.093119
720.000000	50.091668
721.000000	50.090222
722.000000	50.088781
723.000000	50.087345
724.000000	50.085914
725.000000	50.084489
726.000000	50.083068
727.000000	50.081652
728.000000	50.080241
729.000000	50.078835
730.000000	50.077434
731.000000	50.076038
732.000000	50.074646
733.000000	50.073260
734.000000	50.071878
735.000000	50.070501
736.000000	50.069129
737.000000	50.067761
738.000000	50.066398
739.000000	50.065040
740.000000	50.063687
741.000000	50.062338
742.000000	50.060994
743.000000	50.059654
744.000000	50.058319
745.000000	50.056989
746.000000	50.055663
747.000000	50.054342
748.000000	50.053025
749.000000	50.051712
750.000000	50.050404
751.000000	50.049101
752.000000	50.047802
753.000000	50.046507
754.000000	50.045216
755.000000	50.043930
756.000000	50.042649
757.000000	50.041371
758.000000	50.040098
759.000000	50.038829
760.000000	50.037565
761.000000	50.036304
762.000000	50.035048
763.000000	50.033796
764.000000	50.032548
765.000000	50.031305
766.000000	50.030065
767.000000	50.028830
768.000000	50.027598
769.000000	50.026371
770.000000	50.025148
771.000000	50.023929
772.000000	50.022713
773.000000	50.021502
774.000000	50.020295
775.000000	50.019092
776.000000	50.017892
777.000000	50.016697
778.000000	50.015506
779.000000	50.014318
780.000000	50.013134
781.000000	50.011955
782.000000	50.010779
783.000000	50.009606
784.000000	50.008438
785.000000	50.007273
786.000000	50.006113
787.000000	50.004955
788.000000	50.003802
789.000000	50.002652
790.000000	50.001507
791.000000	50.000364
792.000000	49.999226
793.000000	49.998091
794.000000	49.996960
795.000000	49.995832
796.000000	49.994708
797.000000	49.993587
798.000000	49.992470
799.000000	49.991357
800.000000	49.990247
801.000000	49.989141
802.000000	49.988038
803.000000	49.986939
804.000000	49.985843
805.000000	49.984751
806.000000	49.983662
807.000000	49.982576
808.000000	49.981494
809.000000	49.980416
810.000000	49.979340
811.000000	49.978268
812.000000	49.977200
813.000000	49.976135
814.000000	49.975073
815.000000	49.974014
816.000000	49.972959
817.000000	49.971907
818.000000	49.970858
819.000000	49.969813
820.000000	49.968770
821.000000	49.967731
822.000000	49.966696
823.000000	49.965663
824.000000	49.964634
825.000000	49.963607
826.000000	49.962584
827.000000	49.961564
828.000000	49.960548
829.000000	49.959534
830.000000	49.958523
831.000000	49.957516
832.000000	49.956512
833.000000	49.955510
834.000000	49.954512
835.000000	49.953517
836.000000	49.952524
837.000000	49.951535
838.000000	49.950549
839.000000	49.949566
840.000000	49.948586
841.000000	49.947608
842.000000	49.946634
843.000000	49.945663
844.000000	49.944694
845.000000	49.943728
846.000000	49.942766
847.000000	49.941806
848.000000	49.940849
849.000000	49.939895
850.000000	49.938944
851.000000	49.937996
852.000000	49.937050
853.000000	49.936107
854.000000	49.935167
855.000000	49.934230
856.000000	49.933296
857.000000	49.932364
858.000000	49.931436
859.000000	49.930509
860.000000	49.929586
861.000000	49.928666
862.000000	49.927748
863.000000	49.926832
864.000000	49.925920
865.000000	49.925010
866.000000	49.924103
867.000000	49.923198
868.000000	49.922297
869.000000	49.921397
870.000000	49.920501
871.000000	49.919607
872.000000	49.918715
873.000000	49.917827
874.000000	49.916940
875.000000	49.916057
876.000000	49.915176
877.000000	49.914297
878.000000	49.913421
879.000000	49.912548
880.000000	49.911677
881.000000	49.910808
882.000000	49.909942
883.000000	49.909079
884.000000	49.908218
885.000000	49.907359
886.000000	49.906503
887.000000	49.905650
888.000000	49.904799
889.000000	49.903950
890.000000	49.903104
891.000000	49.902260
892.000000	49.901418
893.000000	49.900579
894.000000	49.899742
895.000000	49.898908
896.000000	49.898076
897.000000	49.897246
898.000000	49.896419
899.000000	49.895594
900.000000	49.894771
901.000000	49.893951
902.000000	49.893133
903.000000	49.892317
904.000000	49.891504
905.000000	49.890693
906.000000	49.889884
907.000000	49.889077
908.000000	49.888273
909.000000	49.887471
910.000000	49.886671
911.000000	49.885873
912.000000	49.885078
913.000000	49.884284
914.000000	49.883493
915.000000	49.882704
916.000000	49.881918
917.000000	49.881133
918.000000	49.880351
919.000000	49.879571
920.000000	49.878793
921.000000	49.878017
922.000000	49.877243
923.000000	49.876471
924.000000	49.875702
925.000000	49.874934
926.000000	49.874169
927.000000	49.873406
928.000000	49.872645
929.000000	49.871885
930.000000	49.871128
931.000000	49.870373
932.000000	49.869621
933.000000	49.868870
934.000000	49.868121
935.000000	49.867374
936.000000	49.866629
937.000000	49.865886
938.000000	49.865146
939.000000	49.864407
940.000000	49.863670
941.000000	49.862935
942.000000	49.862203
943.000000	49.861472
944.000000	49.860743
945.000000	49.860016
946.000000	49.859291
947.000000	49.858568
948.000000	49.857847
949.000000	49.857127
950.000000	49.856410
951.000000	49.855695
952.000000	49.854981
953.000000	49.854269
954.000000	49.853560
955.000000	49.852852
956.000000	49.852146
957.000000	49.851442
958.000000	49.850740
959.000000	49.850039
960.000000	49.849341
961.000000	49.848644
962.000000	49.847949
963.000000	49.847256
964.000000	49.846565
965.000000	49.845875
966.000000	49.845188
967.000000	49.844502
968.000000	49.843818
969.000000	49.843135
970.000000	49.842455
971.000000	49.841776
972.000000	49.841099
973.000000	49.840424
974.000000	49.839751
975.000000	49.839079
976.000000	49.838409
977.000000	49.837741
978.000000	49.837074
979.000000	49.836409
980.000000	49.835746
981.000000	49.835085
982.000000	49.834425
983.000000	49.833767
984.000000	49.833111
985.000000	49.832456
986.000000	49.831803
987.000000	49.831152
988.000000	49.830503
989.000000	49.829855
990.000000	49.829208
991.000000	49.828564
992.000000	49.827921
993.000000	49.827279
994.000000	49.826640
995.000000	49.826001
996.000000	49.825365
997.000000	49.824730
998.000000	49.824097
999.000000	49.823465
1000.000000	49.822835
1001.000000	49.822206
1002.000000	49.821579
1003.000000	49.820954
1004.000000	49.820330
1005.000000	49.819708
1006.000000	49.819087
1007.000000	49.818468
1008.000000	49.817851
1009.000000	49.817235
1010.000000	49.816620
1011.000000	49.816007
1012.000000	49.815396
1013.000000	49.814786
1014.000000	49.814177
1015.000000	49.813571
1016.000000	49.812965
1017.000000	49.812361
1018.000000	49.811759
1019.000000	49.811158
1020.000000	49.810559
1021.000000	49.809961
1022.000000	49.809364
1023.000000	49.808769
1024.000000	49.808176
1025.000000	49.807584
1026.000000	49.806993
1027.000000	49.806404
1028.000000	49.805816
1029.000000	49.805230
1030.000000	49.804645
1031.000000	49.804061
1032.000000	49.803479
1033.000000	49.802899
1034.000000	49.802320
1035.000000	49.801742
1036.000000	49.801165
1037.000000	49.800590
1038.000000	49.800017
1039.000000	49.799445
1040.000000	49.798874
1041.000000	49.798304
1042.000000	49.797736
1043.000000	49.797170
1044.000000	49.796604
1045.000000	49.796040
1046.000000	49.795478
1047.000000	49.794916
1048.000000	49.794356
1049.000000	49.793798
1050.000000	49.793241
1051.000000	49.792685
1052.000000	49.792130
1053.000000	49.791577
1054.000000	49.791025
1055.000000	49.790474
1056.000000	49.789925
1057.000000	49.789377
1058.000000	49.788830
1059.000000	49.788285
1060.000000	49.787741
1061.000000	49.787198
1062.000000	49.786656
1063.000000	49.786116
1064.000000	49.785577
1065.000000	49.785039
1066.000000	49.784503
1067.000000	49.783968
1068.000000	49.783434
1069.000000	49.782901
1070.000000	49.782370
1071.000000	49.781839
1072.000000	49.781310
1073.000000	49.780783
1074.000000	49.780256
1075.000000	49.779731
1076.000000	49.779207
1077.000000	49.778684
1078.000000	49.778162
1079.000000	49.777642
1080.000000	49.777123
1081.000000	49.776605
1082.000000	49.776088
1083.000000	49.775573
1084.000000	49.775058
1085.000000	49.774545
1086.000000	49.774033
1087.000000	49.773522
1088.000000	49.773012
1089.000000	49.772504
1090.000000	49.771997
1091.000000	49.771491
1092.000000	49.770986
1093.000000	49.770482
1094.000000	49.769979
1095.000000	49.769477
1096.000000	49.768977
1097.000000	49.768478
1098.000000	49.767980
1099.000000	49.767483
1100.000000	49.766987
1101.000000	49.766492
1102.000000	49.765999
1103.000000	49.765506
1104.000000	49.765015
1105.000000	49.764525
1106.000000	49.764035
1107.000000	49.763547
1108.000000	49.763060
1109.000000	49.762575
1110.000000	49.762090
1111.000000	49.761606
1112.000000	49.761124
1113.000000	49.760642
1114.000000	49.760162
1115.000000	49.759683
1116.000000	49.759204
1117.000000	49.758727
1118.000000	49.758251
1119.000000	49.757776
1120.000000	49.757302
1121.000000	49.756829
1122.000000	49.756357
1123.000000	49.755886
1124.000000	49.755417
1125.000000	49.754948
1126.000000	49.754480
1127.000000	49.754014
1128.000000	49.753548
1129.000000	49.753083
1130.000000	49.752620
1131.000000	49.752157
1132.000000	49.751696
1133.000000	49.751235
1134.000000	49.750776
1135.000000	49.750317
1136.000000	49.749860
1137.000000	49.749404
1138.000000	49.748948
1139.000000	49.748494
1140.000000	49.748040
1141.000000	49.747588
1142.000000	49.747136
1143.000000	49.746686
1144.000000	49.746236
1145.000000	49.745788
1146.000000	49.745340
1147.000000	49.744893
1148.000000	49.744448
1149.000000	49.744003
1150.000000	49.743560
1151.000000	49.743117
1152.000000	49.742675
1153.000000	49.742234
1154.000000	49.741794
1155.000000	49.741355
1156.000000	49.740917
1157.000000	49.740480
1158.000000	49.740044
1159.000000	49.739609
1160.000000	49.739175
1161.000000	49.738742
1162.000000	49.738309
1163.000000	49.737878
1164.000000	49.737447
1165.000000	49.737018
1166.000000	49.736589
1167.000000	49.736161
1168.000000	49.735735
1169.000000	49.735309
1170.000000	49.734884
1171.000000	49.734460
1172.000000	49.734036
1173.000000	49.733614
1174.000000	49.733193
1175.000000	49.732772
1176.000000	49.732352
1177.000000	49.731934
1178.000000	49.731516
1179.000000	49.731099
1180.000000	49.730683
1181.000000	49.730268
1182.000000	49.729853
1183.000000	49.729440
1184.000000	49.729027
1185.000000	49.728615
1186.000000	49.728204
1187.000000	49.727794
1188.000000	49.727385
1189.000000	49.726977
1190.000000	49.726569
1191.000000	49.726163
1192.000000	49.725757
1193.000000	49.725352
1194.000000	49.724948
1195.000000	49.724545
1196.000000	49.724142
1197.000000	49.723741
1198.000000	49.723340
1199.000000	49.722940
1200.000000	49.722541
1201.000000	49.722143
1202.000000	49.721746
1203.000000	49.721349
1204.000000	49.720953
1205.000000	49.720558
1206.000000	49.720164
1207.000000	49.719771
1208.000000	49.719378
1209.000000	49.718986
1210.000000	49.718596
1211.000000	49.718205
1212.000000	49.717816
1213.000000	49.717428
1214.000000	49.717040
1215.000000	49.716653
1216.000000	49.716267
1217.000000	49.715881
1218.000000	49.715497
1219.000000	49.715113
1220.000000	49.714730
1221.000000	49.714348
1222.000000	49.713966
1223.000000	49.713585
1224.000000	49.713206
1225.000000	49.712826
1226.000000	49.712448
1227.000000	49.712070
1228.000000	49.711694
1229.000000	49.711317
1230.000000	49.710942
1231.000000	49.710567
1232.000000	49.710194
1233.000000	49.709821
1234.000000	49.709448
1235.000000	49.709077
1236.000000	49.708706
1237.000000	49.708336
1238.000000	49.707966
1239.000000	49.707598
1240.000000	49.707230
1241.000000	49.706863
1242.000000	49.706496
1243.000000	49.706130
1244.000000	49.705766
1245.000000	49.705401
1246.000000	49.705038
1247.000000	49.704675
1248.000000	49.704313
1249.000000	49.703952
1250.000000	49.703591
1251.000000	49.703231
1252.000000	49.702872
1253.000000	49.702513
1254.000000	49.702155
1255.000000	49.701798
1256.000000	49.701442
1257.000000	49.701086
1258.000000	49.700731
1259.000000	49.700377
1260.000000	49.700023
1261.000000	49.699670
1262.000000	49.699318
1263.000000	49.698967
1264.000000	49.698616
1265.000000	49.698266
1266.000000	49.697916
1267.000000	49.697567
1268.000000	49.697219
1269.000000	49.696872
1270.000000	49.696525
1271.000000	49.696179
1272.000000	49.695833
1273.000000	49.695489
1274.000000	49.695145
1275.000000	49.694801
1276.000000	49.694458
1277.000000	49.694116
1278.000000	49.693775
1279.000000	49.693434
1280.000000	49.693094
1281.000000	49.692755
1282.000000	49.692416
1283.000000	49.692078
1284.000000	49.691740
1285.000000	49.691403
1286.000000	49.691067
1287.000000	49.690731
1288.000000	49.690397
1289.000000	49.690062
1290.000000	49.689729
1291.000000	49.689396
1292.000000	49.689063
1293.000000	49.688731
1294.000000	49.688400
1295.000000	49.688070
1296.000000	49.687740
1297.000000	49.687411
1298.000000	49.687082
1299.000000	49.686754
1300.000000	49.686427
1301.000000	49.686100
1302.000000	49.685774
1303.000000	49.685449
1304.000000	49.685124
1305.000000	49.684799
1306.000000	49.684476
1307.000000	49.684153
1308.000000	49.683830
1309.000000	49.683508
1310.000000	49.683187
1311.000000	49.682866
1312.000000	49.682546
1313.000000	49.682227
1314.000000	49.681908
1315.000000	49.681590
1316.000000	49.681272
1317.000000	49.680955
1318.000000	49.680639
1319.000000	49.680323
1320.000000	49.680008
1321.000000	49.679693
1322.000000	49.679379
1323.000000	49.679065
1324.000000	49.678752
1325.000000	49.678440
1326.000000	49.678128
1327.000000	49.677817
1328.000000	49.677506
1329.000000	49.677196
1330.000000	49.676887
1331.000000	49.676578
1332.000000	49.676270
1333.000000	49.675962
1334.000000	49.675655
1335.000000	49.675348
1336.000000	49.675042
1337.000000	49.674736
1338.000000	49.674431
1339.000000	49.674127
1340.000000	49.673823
1341.000000	49.673520
1342.000000	49.673217
1343.000000	49.672915
1344.000000	49.672613
1345.000000	49.672312
1346.000000	49.672012
1347.000000	49.671712
1348.000000	49.671412
1349.000000	49.671114
1350.000000	49.670815
1351.000000	49.670517
1352.000000	49.670220
1353.000000	49.669923
1354.000000	49.669627
1355.000000	49.669332
1356.000000	49.669037
1357.000000	49.668742
1358.000000	49.668448
1359.000000	49.668154
1360.000000	49.667861
1361.000000	49.667569
1362.000000	49.667277
1363.000000	49.666986
1364.000000	49.666695
1365.000000	49.666404
1366.000000	49.666114
1367.000000	49.665825
1368.000000	49.665536
1369.000000	49.665248
1370.000000	49.664960
1371.000000	49.664673
1372.000000	49.664386
1373.000000	49.664100
1374.000000	49.663814
1375.000000	49.663529
1376.000000	49.663244
1377.000000	49.662960
1378.000000	49.662676
1379.000000	49.662393
1380.000000	49.662111
1381.000000	49.661828
1382.000000	49.661547
1383.000000	49.661265
1384.000000	49.660985
1385.000000	49.660705
1386.000000	49.660425
1387.000000	49.660146
1388.000000	49.659867
1389.000000	49.659589
1390.000000	49.659311
1391.000000	49.659034
1392.000000	49.658757
1393.000000	49.658481
1394.000000	49.658205
1395.000000	49.657929
1396.000000	49.657655
1397.000000	49.657380
1398.000000	49.657106
1399.000000	49.656833
1400.000000	49.656560
1401.000000	49.656288
1402.000000	49.656016
1403.000000	49.655744
1404.000000	49.655473
1405.000000	49.655203
1406.000000	49.654932
1407.000000	49.654663
1408.000000	49.654394
1409.000000	49.654125
1410.000000	49.653857
1411.000000	49.653589
1412.000000	49.653322
1413.000000	49.653055
1414.000000	49.652789
1415.000000	49.652523
1416.000000	49.652257
1417.000000	49.651992
1418.000000	49.651728
1419.000000	49.651464
1420.000000	49.651200
1421.000000	49.650937
1422.000000	49.650674
1423.000000	49.650412
1424.000000	49.650150
1425.000000	49.649888
1426.000000	49.649628
1427.000000	49.649367
1428.000000	49.649107
1429.000000	49.648847
1430.000000	49.648588
1431.000000	49.648330
1432.000000	49.648071
1433.000000	49.647813
1434.000000	49.647556
1435.000000	49.647299
1436.000000	49.647042
1437.000000	49.646786
1438.000000	49.646531
1439.000000	49.646275
1440.000000	49.646021
1441.000000	49.645766
1442.000000	49.645512
1443.000000	49.645259
1444.000000	49.645006
1445.000000	49.644753
1446.000000	49.644501
1447.000000	49.644249
1448.000000	49.643998
1449.000000	49.643747
1450.000000	49.643496
1451.000000	49.643246
1452.000000	49.642996
1453.000000	49.642747
1454.000000	49.642498
1455.000000	49.642250
1456.000000	49.642002
1457.000000	49.641754
1458.000000	49.641507
1459.000000	49.641260
1460.000000	49.641014
1461.000000	49.640768
1462.000000	49.640522
1463.000000	49.640277
1464.000000	49.640032
1465.000000	49.639788
1466.000000	49.639544
1467.000000	49.639300
1468.000000	49.639057
1469.000000	49.638814
1470.000000	49.638572
1471.000000	49.638330
1472.000000	49.638089
1473.000000	49.637847
1474.000000	49.637607
1475.000000	49.637366
1476.000000	49.637126
1477.000000	49.636887
1478.000000	49.636648
1479.000000	49.636409
1480.000000	49.636171
1481.000000	49.635933
1482.000000	49.635695
1483.000000	49.635458
1484.000000	49.635221
1485.000000	49.634984
1486.000000	49.634748
1487.000000	49.634513
1488.000000	49.634277
1489.000000	49.634043
1490.000000	49.633808
1491.000000	49.633574
1492.000000	49.633340
1493.000000	49.633107
1494.000000	49.632874
1495.000000	49.632641
1496.000000	49.632409
1497.000000	49.632177
1498.000000	49.631946
1499.000000	49.631714
1500.000000	49.631484
1501.000000	49.631253
1502.000000	49.631023
1503.000000	49.630794
1504.000000	49.630564
1505.000000	49.630335
1506.000000	49.630107
1507.000000	49.629879
1508.000000	49.629651
1509.000000	49.629424
1510.000000	49.629196
1511.000000	49.628970
1512.000000	49.628743
1513.000000	49.628517
1514.000000	49.628292
1515.000000	49.628067
1516.000000	49.627842
1517.000000	49.627617
1518.000000	49.627393
1519.000000	49.627169
1520.000000	49.626946
1521.000000	49.626723
1522.000000	49.626500
1523.000000	49.626277
1524.000000	49.626055
1525.000000	49.625834
1526.000000	49.625612
1527.000000	49.625391
1528.000000	49.625171
1529.000000	49.624950
1530.000000	49.624730
1531.000000	49.624511
1532.000000	49.624292
1533.000000	49.624073
1534.000000	49.623854
1535.000000	49.623636
1536.000000	49.623418
1537.000000	49.623200
1538.000000	49.622983
1539.000000	49.622766
1540.000000	49.622550
1541.000000	49.622334
1542.000000	49.622118
1543.000000	49.621902
1544.000000	49.621687
1545.000000	49.621472
1546.000000	49.621258
1547.000000	49.621044
1548.000000	49.620830
1549.000000	49.620616
1550.000000	49.620403
1551.000000	49.620190
1552.000000	49.619978
1553.000000	49.619766
1554.000000	49.619554
1555.000000	49.619342
1556.000000	49.619131
1557.000000	49.618920
1558.000000	49.618710
1559.000000	49.618499
1560.000000	49.618290
1561.000000	49.618080
1562.000000	49.617871
1563.000000	49.617662
1564.000000	49.617453
1565.000000	49.617245
1566.000000	49.617037
1567.000000	49.616829
1568.000000	49.616622
1569.000000	49.616415
1570.000000	49.616208
1571.000000	49.616002
1572.000000	49.615796
1573.000000	49.615590
1574.000000	49.615385
1575.000000	49.615180
1576.000000	49.614975
1577.000000	49.614770
1578.000000	49.614566
1579.000000	49.614362
1580.000000	49.614159
1581.000000	49.613956
1582.000000	49.613753
1583.000000	49.613550
1584.000000	49.613348
1585.000000	49.613146
1586.000000	49.612944
1587.000000	49.612743
1588.000000	49.612542
1589.000000	49.612341
1590.000000	49.612140
1591.000000	49.611940
1592.000000	49.611740
1593.000000	49.611541
1594.000000	49.611341
1595.000000	49.611143
1596.000000	49.610944
1597.000000	49.610745
1598.000000	49.610547
1599.000000	49.610350
1600.000000	49.610152
1601.000000	49.609955
1602.000000	49.609758
1603.000000	49.609561
1604.000000	49.609365
1605.000000	49.609169
1606.000000	49.608973
1607.000000	49.608778
1608.000000	49.608583
1609.000000	49.608388
1610.000000	49.608194
1611.000000	49.607999
1612.000000	49.607805
1613.000000	49.607612
1614.000000	49.607418
1615.000000	49.607225
1616.000000	49.607032
1617.000000	49.606840
1618.000000	49.606648
1619.000000	49.606456
1620.000000	49.606264
1621.000000	49.606072
1622.000000	49.605881
1623.000000	49.605691
1624.000000	49.605500
1625.000000	49.605310
1626.000000	49.605120
1627.000000	49.604930
1628.000000	49.604741
1629.000000	49.604551
1630.000000	49.604363
1631.000000	49.604174
1632.000000	49.603986
1633.000000	49.603798
1634.000000	49.603610
1635.000000	49.603422
1636.000000	49.603235
1637.000000	49.603048
1638.000000	49.602861
1639.000000	49.602675
1640.000000	49.602489
1641.000000	49.602303
1642.000000	49.602118
1643.000000	49.601932
1644.000000	49.601747
1645.000000	49.601562
1646.000000	49.601378
1647.000000	49.601194
1648.000000	49.601010
1649.000000	49.600826
1650.000000	49.600643
1651.000000	49.600459
1652.000000	49.600276
1653.000000	49.600094
1654.000000	49.599911
1655.000000	49.599729
1656.000000	49.599547
1657.000000	49.599366
1658.000000	49.599185
1659.000000	49.599003
1660.000000	49.598823
1661.000000	49.598642
1662.000000	49.598462
1663.000000	49.598282
1664.000000	49.598102
1665.000000	49.597923
1666.000000	49.597743
1667.000000	49.597564
1668.000000	49.597386
1669.000000	49.597207
1670.000000	49.597029
1671.000000	49.596851
1672.000000	49.596673
1673.000000	49.596496
1674.000000	49.596318
1675.000000	49.596141
1676.000000	49.595965
1677.000000	49.595788
1678.000000	49.595612
1679.000000	49.595436
1680.000000	49.595260
1681.000000	49.595085
1682.000000	49.594910
1683.000000	49.594735
1684.000000	49.594560
1685.000000	49.594386
1686.000000	49.594211
1687.000000	49.594037
1688.000000	49.593864
1689.000000	49.593690
1690.000000	49.593517
1691.000000	49.593344
1692.000000	49.593171
1693.000000	49.592999
1694.000000	49.592826
1695.000000	49.592654
1696.000000	49.592483
1697.000000	49.592311
1698.000000	49.592140
1699.000000	49.591969
1700.000000	49.591798
1701.000000	49.591627
1702.000000	49.591457
1703.000000	49.591287
1704.000000	49.591117
1705.000000	49.590947
1706.000000	49.590778
1707.000000	49.590609
1708.000000	49.590440
1709.000000	49.590271
1710.000000	49.590103
1711.000000	49.589935
1712.000000	49.589767
1713.000000	49.589599
1714.000000	49.589431
1715.000000	49.589264
1716.000000	49.589097
1717.000000	49.588930
1718.000000	49.588764
1719.000000	49.588597
1720.000000	49.588431
1721.000000	49.588265
1722.000000	49.588100
1723.000000	49.587934
1724.000000	49.587769
1725.000000	49.587604
1726.000000	49.587439
1727.000000	49.587275
1728.000000	49.587110
1729.000000	49.586946
1730.000000	49.586782
1731.000000	49.586619
1732.000000	49.586455
1733.000000	49.586292
1734.000000	49.586129
1735.000000	49.585966
1736.000000	49.585804
1737.000000	49.585642
1738.000000	49.585480
1739.000000	49.585318
1740.000000	49.585156
1741.000000	49.584995
1742.000000	49.584833
1743.000000	49.584673
1744.000000	49.584512
1745.000000	49.584351
1746.000000	49.584191
1747.000000	49.584031
1748.000000	49.583871
1749.000000	49.583711
1750.000000	49.583552
1751.000000	49.583393
1752.000000	49.583234
1753.000000	49.583075
1754.000000	49.582916
1755.000000	49.582758
1756.000000	49.582600
1757.000000	49.582442
1758.000000	49.582284
1759.000000	49.582127
1760.000000	49.581969
1761.000000	49.581812
1762.000000	49.581655
1763.000000	49.581499
1764.000000	49.581342
1765.000000	49.581186
1766.000000	49.581030
1767.000000	49.580874
1768.000000	49.580718
1769.000000	49.580563
1770.000000	49.580408
1771.000000	49.580253
1772.000000	49.580098
1773.000000	49.579943
1774.000000	49.579789
1775.000000	49.579635
1776.000000	49.579481
1777.000000	49.579327
1778.000000	49.579174
1779.000000	49.579020
1780.000000	49.578867
1781.000000	49.578714
1782.000000	49.578561
1783.000000	49.578409
1784.000000	49.578256
1785.000000	49.578104
1786.000000	49.577952
1787.000000	49.577801
1788.000000	49.577649
1789.000000	49.577498
1790.000000	49.577347
1791.000000	49.577196
1792.000000	49.577045
1793.000000	49.576894
1794.000000	49.576744
1795.000000	49.576594
1796.000000	49.576444
1797.000000	49.576294
1798.000000	49.576145
1799.000000	49.575995
1800.000000	49.575846
1801.000000	49.575697
1802.000000	49.575549
1803.000000	49.575400
1804.000000	49.575252
1805.000000	49.575103
1806.000000	49.574955
1807.000000	49.574808
1808.000000	49.574660
1809.000000	49.574513
1810.000000	49.574365
1811.000000	49.574218
1812.000000	49.574072
1813.000000	49.573925
1814.000000	49.573778
1815.000000	49.573632
1816.000000	49.573486
1817.000000	49.573340
1818.000000	49.573195
1819.000000	49.573049
1820.000000	49.572904
1821.000000	49.572759
1822.000000	49.572614
1823.000000	49.572469
1824.000000	49.572324
1825.000000	49.572180
1826.000000	49.572036
1827.000000	49.571892
1828.000000	49.571748
1829.000000	49.571604
1830.000000	49.571461
1831.000000	49.571318
1832.000000	49.571175
1833.000000	49.571032
1834.000000	49.570889
1835.000000	49.570746
1836.000000	49.570604
1837.000000	49.570462
1838.000000	49.570320
1839.000000	49.570178
1840.000000	49.570036
1841.000000	49.569895
1842.000000	49.569754
1843.000000	49.569613
1844.000000	49.569472
1845.000000	49.569331
1846.000000	49.569191
1847.000000	49.569050
1848.000000	49.568910
1849.000000	49.568770
1850.000000	49.568630
1851.000000	49.568491
1852.000000	49.568351
1853.000000	49.568212
1854.000000	49.568073
1855.000000	49.567934
1856.000000	49.567795
1857.000000	49.567656
1858.000000	49.567518
1859.000000	49.567380
1860.000000	49.567242
1861.000000	49.567104
1862.000000	49.566966
1863.000000	49.566829
1864.000000	49.566691
1865.000000	49.566554
1866.000000	49.566417
1867.000000	49.566280
1868.000000	49.566143
1869.000000	49.566007
1870.000000	49.565871
1871.000000	49.565735
1872.000000	49.565599
1873.000000	49.565463
1874.000000	49.565327
1875.000000	49.565192
1876.000000	49.565056
1877.000000	49.564921
1878.000000	49.564786
1879.000000	49.564651
1880.000000	49.564517
1881.000000	49.564382
1882.000000	49.564248
1883.000000	49.564114
1884.000000	49.563980
1885.000000	49.563846
1886.000000	49.563712
1887.000000	49.563579
1888.000000	49.563446
1889.000000	49.563313
1890.000000	49.563180
1891.000000	49.563047
1892.000000	49.562914
1893.000000	49.562782
1894.000000	49.562649
1895.000000	49.562517
1896.000000	49.562385
1897.000000	49.562253
1898.000000	49.562122
1899.000000	49.561990
1900.000000	49.561859
1901.000000	49.561728
1902.000000	49.561597
1903.000000	49.561466
1904.000000	49.561335
1905.000000	49.561205
1906.000000	49.561074
1907.000000	49.560944
1908.000000	49.560814
1909.000000	49.560684
1910.000000	49.560555
1911.000000	49.560425
1912.000000	49.560296
1913.000000	49.560166
1914.000000	49.560037
1915.000000	49.559908
1916.000000	49.559780
1917.000000	49.559651
1918.000000	49.559522
1919.000000	49.559394
1920.000000	49.559266
1921.000000	49.559138
1922.000000	49.559010
1923.000000	49.558882
1924.000000	49.558755
1925.000000	49.558628
1926.000000	49.558500
1927.000000	49.558373
1928.000000	49.558246
1929.000000	49.558120
1930.000000	49.557993
1931.000000	49.557867
1932.000000	49.557740
1933.000000	49.557614
1934.000000	49.557488
1935.000000	49.557362
1936.000000	49.557237
1937.000000	49.557111
1938.000000	49.556986
1939.000000	49.556861
1940.000000	49.556735
1941.000000	49.556611
1942.000000	49.556486
1943.000000	49.556361
1944.000000	49.556237
1945.000000	49.556112
1946.000000	49.555988
1947.000000	49.555864
1948.000000	49.555740
1949.000000	49.555616
1950.000000	49.555493
1951.000000	49.555369
1952.000000	49.555246
1953.000000	49.555123
1954.000000	49.555000
1955.000000	49.554877
1956.000000	49.554754
1957.000000	49.554632
1958.000000	49.554510
1959.000000	49.554387
1960.000000	49.554265
1961.000000	49.554143
1962.000000	49.554021
1963.000000	49.553900
1964.000000	49.553778
1965.000000	49.553657
1966.000000	49.553535
1967.000000	49.553414
1968.000000	49.553293
1969.000000	49.553173
1970.000000	49.553052
1971.000000	49.552931
1972.000000	49.552811
1973.000000	49.552691
1974.000000	49.552571
1975.000000	49.552451
1976.000000	49.552331
1977.000000	49.552211
1978.000000	49.552092
1979.000000	49.551972
1980.000000	49.551853
1981.000000	49.551734
1982.000000	49.551615
1983.000000	49.551496
1984.000000	49.551377
1985.000000	49.551259
1986.000000	49.551140
1987.000000	49.551022
1988.000000	49.550904
1989.000000	49.550786
1990.000000	49.550668
1991.000000	49.550550
1992.000000	49.550433
1993.000000	49.550315
1994.000000	49.550198
1995.000000	49.550081
1996.000000	49.549964
1997.000000	49.549847
1998.000000	49.549730
1999.000000	49.549613
2000.000000	49.549497
2001.000000	49.549381
2002.000000	49.549264
2003.000000	49.549148
2004.000000	49.549032
2005.000000	49.548916
2006.000000	49.548801
2007.000000	49.548685
2008.000000	49.548570
2009.000000	49.548454
2010.000000	49.548339
2011.000000	49.548224
2012.000000	49.548109
2013.000000	49.547995
2014.000000	49.547880
2015.000000	49.547766
2016.000000	49.547651
2017.000000	49.547537
2018.000000	49.547423
2019.000000	49.547309
2020.000000	49.547195
2021.000000	49.547081
2022.000000	49.546968
2023.000000	49.546854
2024.000000	49.546741
2025.000000	49.546628
2026.000000	49.546515
2027.000000	49.546402
2028.000000	49.546289
2029.000000	49.546176
2030.000000	49.546064
2031.000000	49.545951
2032.000000	49.545839
2033.000000	49.545727
2034.000000	49.545615
2035.000000	49.545503
2036.000000	49.545391
2037.000000	49.545280
2038.000000	49.545168
2039.000000	49.545057
2040.000000	49.544945
2041.000000	49.544834
2042.000000	49.544723
2043.000000	49.544612
2044.000000	49.544502
2045.000000	49.544391
2046.000000	49.544281
2047.000000	49.544170
2048.000000	49.544060
2049.000000	49.543950
2050.000000	49.543840
2051.000000	49.543730
2052.000000	49.543620
2053.000000	49.543511
2054.000000	49.543401
2055.000000	49.543292
2056.000000	49.543182
2057.000000	49.543073
2058.000000	49.542964
2059.000000	49.542855
2060.000000	49.542747
2061.000000	49.542638
2062.000000	49.542529
2063.000000	49.542421
2064.000000	49.542313
2065.000000	49.542204
2066.000000	49.542096
2067.000000	49.541989
2068.000000	49.541881
2069.000000	49.541773
2070.000000	49.541665
2071.000000	49.541558
2072.000000	49.541451
2073.000000	49.541344
2074.000000	49.541236
2075.000000	49.541129
2076.000000	49.541023
2077.000000	49.540916
2078.000000	49.540809
2079.000000	49.540703
2080.000000	49.540596
2081.000000	49.540490
2082.000000	49.540384
2083.000000	49.540278
2084.000000	49.540172
2085.000000	49.540066
2086.000000	49.539961
2087.000000	49.539855
2088.000000	49.539750
2089.000000	49.539644
2090.000000	49.539539
2091.000000	49.539434
2092.000000	49.539329
2093.000000	49.539224
2094.000000	49.539120
2095.000000	49.539015
2096.000000	49.538911
2097.000000	49.538806
2098.000000	49.538702
2099.000000	49.538598
2100.000000	49.538494
2101.000000	49.538390
2102.000000	49.538286
2103.000000	49.538182
2104.000000	49.538079
2105.000000	49.537975
2106.000000	49.537872
2107.000000	49.537769
2108.000000	49.537665
2109.000000	49.537562
2110.000000	49.537460
2111.000000	49.537357
2112.000000	49.537254
2113.000000	49.537151
2114.000000	49.537049
2115.000000	49.536947
2116.000000	49.536844
2117.000000	49.536742
2118.000000	49.536640
2119.000000	49.536538
2120.000000	49.536437
2121.000000	49.536335
2122.000000	49.536233
2123.000000	49.536132
2124.000000	49.536031
2125.000000	49.535929
2126.000000	49.535828
2127.000000	49.535727
2128.000000	49.535626
2129.000000	49.535525
2130.000000	49.535425
2131.000000	49.535324
2132.000000	49.535224
2133.000000	49.535123
2134.000000	49.535023
2135.000000	49.534923
2136.000000	49.534823
2137.000000	49.534723
2138.000000	49.534623
2139.000000	49.534523
2140.000000	49.534424
2141.000000	49.534324
2142.000000	49.534225
2143.000000	49.534126
2144.000000	49.534026
2145.000000	49.533927
2146.000000	49.533828
2147.000000	49.533730
2148.000000	49.533631
2149.000000	49.533532
2150.000000	49.533434
2151.000000	49.533335
2152.000000	49.533237
2153.000000	49.533139
2154.000000	49.533041
2155.000000	49.532942
2156.000000	49.532845
2157.000000	49.532747
2158.000000	49.532649
2159.000000	49.532551
2160.000000	49.532454
2161.000000	49.532357
2162.000000	49.532259
2163.000000	49.532162
2164.000000	49.532065
2165.000000	49.531968
2166.000000	49.531871
2167.000000	49.531774
2168.000000	49.531678
2169.000000	49.531581
2170.000000	49.531485
2171.000000	49.531388
2172.000000	49.531292
2173.000000	49.531196
2174.000000	49.531100
2175.000000	49.531004
2176.000000	49.530908
2177.000000	49.530812
2178.000000	49.530717
2179.000000	49.530621
2180.000000	49.530526
2181.000000	49.530430
2182.000000	49.530335
2183.000000	49.530240
2184.000000	49.530145
2185.000000	49.530050
2186.000000	49.529955
2187.000000	49.529860
2188.000000	49.529766
2189.000000	49.529671
2190.000000	49.529577
2191.000000	49.529482
2192.000000	49.529388
2193.000000	49.529294
2194.000000	49.529200
2195.000000	49.529106
2196.000000	49.529012
2197.000000	49.528918
2198.000000	49.528824
2199.000000	49.528731
2200.000000	49.528637
2201.000000	49.528544
2202.000000	49.528451
2203.000000	49.528358
2204.000000	49.528264
2205.000000	49.528171
2206.000000	49.528079
2207.000000	49.527986
2208.000000	49.527893
2209.000000	49.527800
2210.000000	49.527708
2211.000000	49.527616
2212.000000	49.527523
2213.000000	49.527431
2214.000000	49.527339
2215.000000	49.527247
2216.000000	49.527155
2217.000000	49.527063
2218.000000	49.526971
2219.000000	49.526880
2220.000000	49.526788
2221.000000	49.526697
2222.000000	49.526605
2223.000000	49.526514
2224.000000	49.526423
2225.000000	49.526332
2226.000000	49.526241
2227.000000	49.526150
2228.000000	49.526059
2229.000000	49.525968
2230.000000	49.525878
2231.000000	49.525787
2232.000000	49.525697
2233.000000	49.525606
2234.000000	49.525516
2235.000000	49.525426
2236.000000	49.525336
2237.000000	49.525246
2238.000000	49.525156
2239.000000	49.525066
2240.000000	49.524977
2241.000000	49.524887
2242.000000	49.524798
2243.000000	49.524708
2244.000000	49.524619
2245.000000	49.524530
2246.000000	49.524440
2247.000000	49.524351
2248.000000	49.524262
2249.000000	49.524173
2250.000000	49.524085
2251.000000	49.523996
2252.000000	49.523907
2253.000000	49.523819
2254.000000	49.523730
2255.000000	49.523642
2256.000000	49.523554
2257.000000	49.523466
2258.000000	49.523378
2259.000000	49.523290
2260.000000	49.523202
2261.000000	49.523114
2262.000000	49.523026
2263.000000	49.522939
2264.000000	49.522851
2265.000000	49.522764
2266.000000	49.522676
2267.000000	49.522589
2268.000000	49.522502
2269.000000	49.522415
2270.000000	49.522328
2271.000000	49.522241
2272.000000	49.522154
2273.000000	49.522067
2274.000000	49.521981
2275.000000	49.521894
2276.000000	49.521807
2277.000000	49.521721
2278.000000	49.521635
2279.000000	49.521549
2280.000000	49.521462
2281.000000	49.521376
2282.000000	49.521290
2283.000000	49.521204
2284.000000	49.521119
2285.000000	49.521033
2286.000000	49.520947
2287.000000	49.520862
2288.000000	49.520776
2289.000000	49.520691
2290.000000	49.520606
2291.000000	49.520521
2292.000000	49.520435
2293.000000	49.520350
2294.000000	49.520265
2295.000000	49.520181
2296.000000	49.520096
2297.000000	49.520011
2298.000000	49.519926
2299.000000	49.519842
2300.000000	49.519757
2301.000000	49.519673
2302.000000	49.519589
2303.000000	49.519505
2304.000000	49.519421
2305.000000	49.519337
2306.000000	49.519253
2307.000000	49.519169
2308.000000	49.519085
2309.000000	49.519001
2310.000000	49.518918
2311.000000	49.518834
2312.000000	49.518751
2313.000000	49.518667
2314.000000	49.518584
2315.000000	49.518501
2316.000000	49.518418
2317.000000	49.518335
2318.000000	49.518252
2319.000000	49.518169
2320.000000	49.518086
2321.000000	49.518003
2322.000000	49.517921
2323.000000	49.517838
2324.000000	49.517756
2325.000000	49.517673
2326.000000	49.517591
2327.000000	49.517509
2328.000000	49.517427
2329.000000	49.517345
2330.000000	49.517263
2331.000000	49.517181
2332.000000	49.517099
2333.000000	49.517017
2334.000000	49.516935
2335.000000	49.516854
2336.000000	49.516772
2337.000000	49.516691
2338.000000	49.516609
2339.000000	49.516528
2340.000000	49.516447
2341.000000	49.516366
2342.000000	49.516285
2343.000000	49.516204
2344.000000	49.516123
2345.000000	49.516042
2346.000000	49.515962
2347.000000	49.515881
2348.000000	49.515800
2349.000000	49.515720
2350.000000	49.515639
2351.000000	49.515559
2352.000000	49.515479
2353.000000	49.515399
2354.000000	49.515319
2355.000000	49.515238
2356.000000	49.515159
2357.000000	49.515079
2358.000000	49.514999
2359.000000	49.514919
2360.000000	49.514840
2361.000000	49.514760
2362.000000	49.514680
2363.000000	49.514601
2364.000000	49.514522
2365.000000	49.514442
2366.000000	49.514363
2367.000000	49.514284
2368.000000	49.514205
2369.000000	49.514126
2370.000000	49.514047
2371.000000	49.513969
2372.000000	49.513890
2373.000000	49.513811
2374.000000	49.513733
2375.000000	49.513654
2376.000000	49.513576
2377.000000	49.513497
2378.000000	49.513419
2379.000000	49.513341
2380.000000	49.513263
2381.000000	49.513185
2382.000000	49.513107
2383.000000	49.513029
2384.000000	49.512951
2385.000000	49.512873
2386.000000	49.512795
2387.000000	49.512718
2388.000000	49.512640
2389.000000	49.512563
2390.000000	49.512485
2391.000000	49.512408
2392.000000	49.512331
2393.000000	49.512254
2394.000000	49.512177
2395.000000	49.512100
2396.000000	49.512023
2397.000000	49.511946
2398.000000	49.511869
2399.000000	49.511792
2400.000000	49.511716
2401.000000	49.511639
2402.000000	49.511562
2403.000000	49.511486
2404.000000	49.511410
2405.000000	49.511333
2406.000000	49.511257
2407.000000	49.511181
2408.000000	49.511105
2409.000000	49.511029
2410.000000	49.510953
2411.000000	49.510877
2412.000000	49.510801
2413.000000	49.510725
2414.000000	49.510650
2415.000000	49.510574
2416.000000	49.510499
2417.000000	49.510423
2418.000000	49.510348
2419.000000	49.510272
2420.000000	49.510197
2421.000000	49.510122
2422.000000	49.510047
2423.000000	49.509972
2424.000000	49.509897
2425.000000	49.509822
2426.000000	49.509747
2427.000000	49.509673
2428.000000	49.509598
2429.000000	49.509523
2430.000000	49.509449
2431.000000	49.509374
2432.000000	49.509300
2433.000000	49.509226
2434.000000	49.509151
2435.000000	49.509077
2436.000000	49.509003
2437.000000	49.508929
2438.000000	49.508855
2439.000000	49.508781
2440.000000	49.508707
2441.000000	49.508633
2442.000000	49.508560
2443.000000	49.508486
2444.000000	49.508412
2445.000000	49.508339
2446.000000	49.508265
2447.000000	49.508192
2448.000000	49.508119
2449.000000	49.508046
2450.000000	49.507972
2451.000000	49.507899
2452.000000	49.507826
2453.000000	49.507753
2454.000000	49.507680
2455.000000	49.507607
2456.000000	49.507535
2457.000000	49.507462
2458.000000	49.507389
2459.000000	49.507317
2460.000000	49.507244
2461.000000	49.507172
2462.000000	49.507099
2463.000000	49.507027
2464.000000	49.506955
2465.000000	49.506883
2466.000000	49.506811
2467.000000	49.506739
2468.000000	49.506667
2469.000000	49.506595
2470.000000	49.506523
2471.000000	49.506451
2472.000000	49.506379
2473.000000	49.506308
2474.000000	49.506236
2475.000000	49.506165
2476.000000	49.506093
2477.000000	49.506022
2478.000000	49.505950
2479.000000	49.505879
2480.000000	49.505808
2481.000000	49.505737
2482.000000	49.505666
2483.000000	49.505595
2484.000000	49.505524
2485.000000	49.505453
2486.000000	49.505382
2487.000000	49.505311
2488.000000	49.505241
2489.000000	49.505170
2490.000000	49.505100
2491.000000	49.505029
2492.000000	49.504959
2493.000000	49.504888
2494.000000	49.504818
2495.000000	49.504748
2496.000000	49.504678
2497.000000	49.504608
2498.000000	49.504537
2499.000000	49.504468
2500.000000	49.504398
2501.000000	49.504328
2502.000000	49.504258
2503.000000	49.504188
2504.000000	49.504119
2505.000000	49.504049
2506.000000	49.503979
2507.000000	49.503910
2508.000000	49.503840
2509.000000	49.503771
2510.000000	49.503702
2511.000000	49.503633
2512.000000	49.503563
2513.000000	49.503494
2514.000000	49.503425
2515.000000	49.503356
2516.000000	49.503287
2517.000000	49.503219
2518.000000	49.503150
2519.000000	49.503081
2520.000000	49.503012
2521.000000	49.502944
2522.000000	49.502875
2523.000000	49.502807
2524.000000	49.502738
2525.000000	49.502670
2526.000000	49.502602
2527.000000	49.502533
2528.000000	49.502465
2529.000000	49.502397
2530.000000	49.502329
2531.000000	49.502261
2532.000000	49.502193
2533.000000	49.502125
2534.000000	49.502057
2535.000000	49.501989
2536.000000	49.501922
2537.000000	49.501854
2538.000000	49.501786
2539.000000	49.501719
2540.000000	49.501652
2541.000000	49.501584
2542.000000	49.501517
2543.000000	49.501449
2544.000000	49.501382
2545.000000	49.501315
2546.000000	49.501248
2547.000000	49.501181
2548.000000	49.501114
2549.000000	49.501047
2550.000000	49.500980
2551.000000	49.500913
2552.000000	49.500846
2553.000000	49.500780
2554.000000	49.500713
2555.000000	49.500647
2556.000000	49.500580
2557.000000	49.500514
2558.000000	49.500447
2559.000000	49.500381
2560.000000	49.500315
2561.000000	49.500248
2562.000000	49.500182
2563.000000	49.500116
2564.000000	49.500050
2565.000000	49.499984
2566.000000	49.499918
2567.000000	49.499852
2568.000000	49.499786
2569.000000	49.499720
2570.000000	49.499655
2571.000000	49.499589
2572.000000	49.499524
2573.000000	49.499458
2574.000000	49.499392
2575.000000	49.499327
2576.000000	49.499262
2577.000000	49.499196
2578.000000	49.499131
2579.000000	49.499066
2580.000000	49.499001
2581.000000	49.498936
2582.000000	49.498871
2583.000000	49.498806
2584.000000	49.498741
2585.000000	49.498676
2586.000000	49.498611
2587.000000	49.498546
2588.000000	49.498482
2589.000000	49.498417
2590.000000	49.498352
2591.000000	49.498288
2592.000000	49.498223
2593.000000	49.498159
2594.000000	49.498095
2595.000000	49.498030
2596.000000	49.497966
2597.000000	49.497902
2598.000000	49.497838
2599.000000	49.497774
2600.000000	49.497710
2601.000000	49.497646
2602.000000	49.497582
2603.000000	49.497518
2604.000000	49.497454
2605.000000	49.497390
2606.000000	49.497326
2607.000000	49.497263
2608.000000	49.497199
2609.000000	49.497136
2610.000000	49.497072
2611.000000	49.497009
2612.000000	49.496945
2613.000000	49.496882
2614.000000	49.496819
2615.000000	49.496756
2616.000000	49.496692
2617.000000	49.496629
2618.000000	49.496566
2619.000000	49.496503
2620.000000	49.496440
2621.000000	49.496377
2622.000000	49.496315
2623.000000	49.496252
2624.000000	49.496189
2625.000000	49.496126
2626.000000	49.496064
2627.000000	49.496001
2628.000000	49.495939
2629.000000	49.495876
2630.000000	49.495814
2631.000000	49.495751
2632.000000	49.495689
2633.000000	49.495627
2634.000000	49.495565
2635.000000	49.495503
2636.000000	49.495440
2637.000000	49.495378
2638.000000	49.495316
2639.000000	49.495255
2640.000000	49.495193
2641.000000	49.495131
2642.000000	49.495069
2643.000000	49.495007
2644.000000	49.494946
2645.000000	49.494884
2646.000000	49.494822
2647.000000	49.494761
2648.000000	49.494699
2649.000000	49.494638
2650.000000	49.494577
2651.000000	49.494515
2652.000000	49.494454
2653.000000	49.494393
2654.000000	49.494332
2655.000000	49.494271
2656.000000	49.494209
2657.000000	49.494148
2658.000000	49.494088
2659.000000	49.494027
2660.000000	49.493966
2661.000000	49.493905
2662.000000	49.493844
2663.000000	49.493784
2664.000000	49.493723
2665.000000	49.493662
2666.000000	49.493602
2667.000000	49.493541
2668.000000	49.493481
2669.000000	49.493420
2670.000000	49.493360
2671.000000	49.493300
2672.000000	49.493239
2673.000000	49.493179
2674.000000	49.493119
2675.000000	49.493059
2676.000000	49.492999
2677.000000	49.492939
2678.000000	49.492879
2679.000000	49.492819
2680.000000	49.492759
2681.000000	49.492700
2682.000000	49.492640
2683.000000	49.492580
2684.000000	49.492520
2685.000000	49.492461
2686.000000	49.492401
2687.000000	49.492342
2688.000000	49.492282
2689.000000	49.492223
2690.000000	49.492164
2691.000000	49.492104
2692.000000	49.492045
2693.000000	49.491986
2694.000000	49.491927
2695.000000	49.491868
2696.000000	49.491808
2697.000000	49.491749
2698.000000	49.491690
2699.000000	49.491632
2700.000000	49.491573
2701.000000	49.491514
2702.000000	49.491455
2703.000000	49.491396
2704.000000	49.491338
2705.000000	49.491279
2706.000000	49.491221
2707.000000	49.491162
2708.000000	49.491104
2709.000000	49.491045
2710.000000	49.490987
2711.000000	49.490928
2712.000000	49.490870
2713.000000	49.490812
2714.000000	49.490754
2715.000000	49.490695
2716.000000	49.490637
2717.000000	49.490579
2718.000000	49.490521
2719.000000	49.490463
2720.000000	49.490405
2721.000000	49.490348
2722.000000	49.490290
2723.000000	49.490232
2724.000000	49.490174
2725.000000	49.490117
2726.000000	49.490059
2727.000000	49.490001
2728.000000	49.489944
2729.000000	49.489886
2730.000000	49.489829
2731.000000	49.489772
2732.000000	49.489714
2733.000000	49.489657
2734.000000	49.489600
2735.000000	49.489542
2736.000000	49.489485
2737.000000	49.489428
2738.000000	49.489371
2739.000000	49.489314
2740.000000	49.489257
2741.000000	49.489200
2742.000000	49.489143
2743.000000	49.489086
2744.000000	49.489030
2745.000000	49.488973
2746.000000	49.488916
2747.000000	49.488860
2748.000000	49.488803
2749.000000	49.488746
2750.000000	49.488690
2751.000000	49.488633
2752.000000	49.488577
2753.000000	49.488521
2754.000000	49.488464
2755.000000	49.488408
2756.000000	49.488352
2757.000000	49.488296
2758.000000	49.488239
2759.000000	49.488183
2760.000000	49.488127
2761.000000	49.488071
2762.000000	49.488015
2763.000000	49.487959
2764.000000	49.487903
2765.000000	49.487848
2766.000000	49.487792
2767.000000	49.487736
2768.000000	49.487680
2769.000000	49.487625
2770.000000	49.487569
2771.000000	49.487513
2772.000000	49.487458
2773.000000	49.487402
2774.000000	49.487347
2775.000000	49.487292
2776.000000	49.487236
2777.000000	49.487181
2778.000000	49.487126
2779.000000	49.487070
2780.000000	49.487015
2781.000000	49.486960
2782.000000	49.486905
2783.000000	49.486850
2784.000000	49.486795
2785.000000	49.486740
2786.000000	49.486685
2787.000000	49.486630
2788.000000	49.486575
2789.000000	49.486521
2790.000000	49.486466
2791.000000	49.486411
2792.000000	49.486357
2793.000000	49.486302
2794.000000	49.486247
2795.000000	49.486193
2796.000000	49.486138
2797.000000	49.486084
2798.000000	49.486030
2799.000000	49.485975
2800.000000	49.485921
2801.000000	49.485867
2802.000000	49.485812
2803.000000	49.485758
2804.000000	49.485704
2805.000000	49.485650
2806.000000	49.485596
2807.000000	49.485542
2808.000000	49.485488
2809.000000	49.485434
2810.000000	49.485380
2811.000000	49.485326
2812.000000	49.485273
2813.000000	49.485219
2814.000000	49.485165
2815.000000	49.485111
2816.000000	49.485058
2817.000000	49.485004
2818.000000	49.484951
2819.000000	49.484897
2820.000000	49.484844
2821.000000	49.484790
2822.000000	49.484737
2823.000000	49.484684
2824.000000	49.484630
2825.000000	49.484577
2826.000000	49.484524
2827.000000	49.484471
2828.000000	49.484418
2829.000000	49.484364
2830.000000	49.484311
2831.000000	49.484258
2832.000000	49.484205
2833.000000	49.484153
2834.000000	49.484100
2835.000000	49.484047
2836.000000	49.483994
2837.000000	49.483941
2838.000000	49.483889
2839.000000	49.483836
2840.000000	49.483783
2841.000000	49.483731
2842.000000	49.483678
2843.000000	49.483626
2844.000000	49.483573
2845.000000	49.483521
2846.000000	49.483468
2847.000000	49.483416
2848.000000	49.483364
2849.000000	49.483311
2850.000000	49.483259
2851.000000	49.483207
2852.000000	49.483155
2853.000000	49.483103
2854.000000	49.483051
2855.000000	49.482999
2856.000000	49.482947
2857.000000	49.482895
2858.000000	49.482843
2859.000000	49.482791
2860.000000	49.482739
2861.000000	49.482687
2862.000000	49.482636
2863.000000	49.482584
2864.000000	49.482532
2865.000000	49.482481
2866.000000	49.482429
2867.000000	49.482377
2868.000000	49.482326
2869.000000	49.482274
2870.000000	49.482223
2871.000000	49.482172
2872.000000	49.482120
2873.000000	49.482069
2874.000000	49.482018
2875.000000	49.481966
2876.000000	49.481915
2877.000000	49.481864
2878.000000	49.481813
2879.000000	49.481762
2880.000000	49.481711
2881.000000	49.481660
2882.000000	49.481609
2883.000000	49.481558
2884.000000	49.481507
2885.000000	49.481456
2886.000000	49.481405
2887.000000	49.481355
2888.000000	49.481304
2889.000000	49.481253
2890.000000	49.481203
2891.000000	49.481152
2892.000000	49.481101
2893.000000	49.481051
2894.000000	49.481000
2895.000000	49.480950
2896.000000	49.480900
2897.000000	49.480849
2898.000000	49.480799
2899.000000	49.480749
2900.000000	49.480698
2901.000000	49.480648
2902.000000	49.480598
2903.000000	49.480548
2904.000000	49.480498
2905.000000	49.480447
2906.000000	49.480397
2907.000000	49.480347
2908.000000	49.480297
2909.000000	49.480248
2910.000000	49.480198
2911.000000	49.480148
2912.000000	49.480098
2913.000000	49.480048
2914.000000	49.479999
2915.000000	49.479949
2916.000000	49.479899
2917.000000	49.479850
2918.000000	49.479800
2919.000000	49.479750
2920.000000	49.479701
2921.000000	49.479651
2922.000000	49.479602
2923.000000	49.479553
2924.000000	49.479503
2925.000000	49.479454
2926.000000	49.479405
2927.000000	49.479355
2928.000000	49.479306
2929.000000	49.479257
2930.000000	49.479208
2931.000000	49.479159
2932.000000	49.479110
2933.000000	49.479061
2934.000000	49.479012
2935.000000	49.478963
2936.000000	49.478914
2937.000000	49.478865
2938.000000	49.478816
2939.000000	49.478767
2940.000000	49.478718
2941.000000	49.478670
2942.000000	49.478621
2943.000000	49.478572
2944.000000	49.478524
2945.000000	49.478475
2946.000000	49.478426
2947.000000	49.478378
2948.000000	49.478329
2949.000000	49.478281
2950.000000	49.478233
2951.000000	49.478184
2952.000000	49.478136
2953.000000	49.478088
2954.000000	49.478039
2955.000000	49.477991
2956.000000	49.477943
2957.000000	49.477895
2958.000000	49.477847
2959.000000	49.477798
2960.000000	49.477750
2961.000000	49.477702
2962.000000	49.477654
2963.000000	49.477606
2964.000000	49.477559
2965.000000	49.477511
2966.000000	49.477463
2967.000000	49.477415
2968.000000	49.477367
2969.000000	49.477320
2970.000000	49.477272
2971.000000	49.477224
2972.000000	49.477177
2973.000000	49.477129
2974.000000	49.477081
2975.000000	49.477034
2976.000000	49.476986
2977.000000	49.476939
2978.000000	49.476891
2979.000000	49.476844
2980.000000	49.476797
2981.000000	49.476749
2982.000000	49.476702
2983.000000	49.476655
2984.000000	49.476608
2985.000000	49.476560
2986.000000	49.476513
2987.000000	49.476466
2988.000000	49.476419
2989.000000	49.476372
2990.000000	49.476325
2991.000000	49.476278
2992.000000	49.476231
2993.000000	49.476184
2994.000000	49.476137
2995.000000	49.476091
2996.000000	49.476044
2997.000000	49.475997
2998.000000	49.475950
2999.000000	49.475904
3000.000000	49.475857
3001.000000	49.475810
3002.000000	49.475764
3003.000000	49.475717
3004.000000	49.475671
3005.000000	49.475624
3006.000000	49.475578
3007.000000	49.475531
3008.000000	49.475485
3009.000000	49.475438
3010.000000	49.475392
3011.000000	49.475346
3012.000000	49.475300
3013.000000	49.475253
3014.000000	49.475207
3015.000000	49.475161
3016.000000	49.475115
3017.000000	49.475069
3018.000000	49.475023
3019.000000	49.474977
3020.000000	49.474931
3021.000000	49.474885
3022.000000	49.474839
3023.000000	49.474793
3024.000000	49.474747
3025.000000	49.474701
3026.000000	49.474655
3027.000000	49.474610
3028.000000	49.474564
3029.000000	49.474518
3030.000000	49.474473
3031.000000	49.474427
3032.000000	49.474381
3033.000000	49.474336
3034.000000	49.474290
3035.000000	49.474245
3036.000000	49.474199
3037.000000	49.474154
3038.000000	49.474108
3039.000000	49.474063
3040.000000	49.474018
3041.000000	49.473972
3042.000000	49.473927
3043.000000	49.473882
3044.000000	49.473837
3045.000000	49.473792
3046.000000	49.473746
3047.000000	49.473701
3048.000000	49.473656
3049.000000	49.473611
3050.000000	49.473566
3051.000000	49.473521
3052.000000	49.473476
3053.000000	49.473431
3054.000000	49.473386
3055.000000	49.473342
3056.000000	49.473297
3057.000000	49.473252
3058.000000	49.473207
3059.000000	49.473163
3060.000000	49.473118
3061.000000	49.473073
3062.000000	49.473029
3063.000000	49.472984
3064.000000	49.472939
3065.000000	49.472895
3066.000000	49.472850
3067.000000	49.472806
3068.000000	49.472761
3069.000000	49.472717
3070.000000	49.472673
3071.000000	49.472628
3072.000000	49.472584
3073.000000	49.472540
3074.000000	49.472495
3075.000000	49.472451
3076.000000	49.472407
3077.000000	49.472363
3078.000000	49.472319
3079.000000	49.472275
3080.000000	49.472231
3081.000000	49.472187
3082.000000	49.472143
3083.000000	49.472099
3084.000000	49.472055
3085.000000	49.472011
3086.000000	49.471967
3087.000000	49.471923
3088.000000	49.471879
3089.000000	49.471835
3090.000000	49.471792
3091.000000	49.471748
3092.000000	49.471704
3093.000000	49.471661
3094.000000	49.471617
3095.000000	49.471573
3096.000000	49.471530
3097.000000	49.471486
3098.000000	49.471443
3099.000000	49.471399
